1817587
1521815
1533783
1575913
1453932
1511860
1525791
1520509
1453931
1533788
1839254
1827878
1453928
1453935
1827886
1533782
1502518
1571867
1453939
1588270
1811751
1575911
1543082
1453925
1521814
1448648
1578448
1533778
1520511
1453923
1533784
1827881
1827880
1827877
1520508
1453929
1521816
1521813
1839253
1817590
1481844
1533790
1817588
1520510
1481846
1827882
1579595
1827869
1533781
1579594
1533779
1817584
1827887
1827868
1517629
1453927
1547310
1453936
1588273
1827884
1575914
1546304
1533789
1827873
1437443
1453933
1453924
1521817
1579597
1827879
1817583
1481845
1588272
1453930
1827867
1827885
1827875
1533786
1575910
1517628
1453934
1533785
1533780
1453938
1491073
1575912
1579598
1827876
1533787
1817585
1827883
1542694
1525790
1817589
1517626
1547704
1817586
1827874
1546305
1579596
1448647
1827872
1453926
1579593
1827871
1557690
1453937
1517627
1827870
1491074
