
     RDKit          3D

108114  0  0  0  0  0  0  0  0999 V2000
   -2.5521    2.6279   -5.2964 C   0  0  0  0  0  0  0  0  0  0  0  0
   -2.8561    3.1612   -4.1582 N   0  0  0  0  0  0  0  0  0  0  0  0
   -2.5121    4.4816   -3.6978 C   0  0  0  0  0  0  0  0  0  0  0  0
   -1.4155    4.3409   -2.6632 C   0  0  0  0  0  0  0  0  0  0  0  0
   -1.1735    5.6131   -2.0166 N   0  0  0  0  0  0  0  0  0  0  0  0
   -0.8314    5.8258   -0.7960 C   0  0  0  0  0  0  0  0  0  0  0  0
   -0.3626    4.7837    0.1540 C   0  0  0  0  0  0  0  0  0  0  0  0
   -1.0349    4.6708    1.3706 C   0  0  0  0  0  0  0  0  0  0  0  0
   -0.3305    4.2903    2.5005 C   0  0  0  0  0  0  0  0  0  0  0  0
   -1.0790    3.9400    3.7571 C   0  0  0  0  0  0  0  0  0  0  0  0
   -2.2281    4.4650    4.0638 N   0  0  0  0  0  0  0  0  0  0  0  0
   -3.0117    3.8867    5.1604 C   0  0  0  0  0  0  0  0  0  0  0  0
   -3.6495    2.4937    4.9194 C   0  0  0  0  0  0  0  0  0  0  0  0
   -2.6189    1.4267    4.7220 N   0  0  0  0  0  0  0  0  0  0  0  0
   -1.6021    1.2238    5.4806 C   0  0  0  0  0  0  0  0  0  0  0  0
   -0.4919    0.4129    4.9640 C   0  0  0  0  0  0  0  0  0  0  0  0
   -0.0530    0.7300    3.6688 C   0  0  0  0  0  0  0  0  0  0  0  0
   -0.2957   -0.3120    2.7473 C   0  0  0  0  0  0  0  0  0  0  0  0
   -1.3823   -0.2157    1.7355 C   0  0  0  0  0  0  0  0  0  0  0  0
   -2.2528    0.7821    1.6252 N   0  0  0  0  0  0  0  0  0  0  0  0
   -3.5417    0.8121    0.8360 C   0  0  0  0  0  0  0  0  0  0  0  0
   -3.3411    1.7184   -0.3726 C   0  0  0  0  0  0  0  0  0  0  0  0
   -3.3895    0.9919   -1.6573 N   0  0  0  0  0  0  0  0  0  0  0  0
   -2.7495   -0.0953   -1.9209 C   0  0  0  0  0  0  0  0  0  0  0  0
   -2.3909   -0.3600   -3.3394 C   0  0  0  0  0  0  0  0  0  0  0  0
   -3.0038    0.4290   -4.3215 C   0  0  0  0  0  0  0  0  0  0  0  0
   -2.2243    1.1986   -5.2233 C   0  0  0  0  0  0  0  0  0  0  0  0
   -0.8263    0.9765   -5.2497 C   0  0  0  0  0  0  0  0  0  0  0  0
   -0.2293    0.2109   -4.2577 C   0  0  0  0  0  0  0  0  0  0  0  0
    0.5662    1.0268   -3.3089 C   0  0  0  0  0  0  0  0  0  0  0  0
    1.7803    1.4668   -3.4533 N   0  0  0  0  0  0  0  0  0  0  0  0
    2.7376    1.2181   -4.5176 C   0  0  0  0  0  0  0  0  0  0  0  0
    4.0850    0.7648   -3.8723 C   0  0  0  0  0  0  0  0  0  0  0  0
    3.8791   -0.5731   -3.3073 N   0  0  0  0  0  0  0  0  0  0  0  0
    4.7322   -1.5595   -3.1753 C   0  0  0  0  0  0  0  0  0  0  0  0
    4.2085   -2.7378   -2.4337 C   0  0  0  0  0  0  0  0  0  0  0  0
    2.8212   -2.9458   -2.4641 C   0  0  0  0  0  0  0  0  0  0  0  0
    2.1778   -3.7231   -1.4841 C   0  0  0  0  0  0  0  0  0  0  0  0
    0.8215   -3.3700   -1.0065 C   0  0  0  0  0  0  0  0  0  0  0  0
    0.6704   -2.2998   -0.2337 N   0  0  0  0  0  0  0  0  0  0  0  0
    1.0461   -0.9622   -0.7114 C   0  0  0  0  0  0  0  0  0  0  0  0
    2.1112   -0.2036    0.1387 C   0  0  0  0  0  0  0  0  0  0  0  0
    1.7915    1.2234    0.0589 N   0  0  0  0  0  0  0  0  0  0  0  0
    2.1733    2.1205    0.9130 C   0  0  0  0  0  0  0  0  0  0  0  0
    1.3593    3.3622    1.0303 C   0  0  0  0  0  0  0  0  0  0  0  0
    0.8109    4.0213   -0.0642 C   0  0  0  0  0  0  0  0  0  0  0  0
    0.9539    3.7204    2.3376 C   0  0  0  0  0  0  0  0  0  0  0  0
    2.9587   -4.4801   -0.6384 C   0  0  0  0  0  0  0  0  0  0  0  0
    4.3210   -4.1760   -0.4752 C   0  0  0  0  0  0  0  0  0  0  0  0
    4.9732   -4.5958    0.7793 C   0  0  0  0  0  0  0  0  0  0  0  0
    4.5180   -4.2477    1.9820 N   0  0  0  0  0  0  0  0  0  0  0  0
    3.2816   -3.5202    2.2461 C   0  0  0  0  0  0  0  0  0  0  0  0
    3.2818   -2.9384    3.6695 C   0  0  0  0  0  0  0  0  0  0  0  0
    2.1967   -3.5590    4.4901 N   0  0  0  0  0  0  0  0  0  0  0  0
    1.1295   -2.9897    4.9764 C   0  0  0  0  0  0  0  0  0  0  0  0
    0.5688   -1.7007    4.5451 C   0  0  0  0  0  0  0  0  0  0  0  0
    0.1379   -1.5853    3.2050 C   0  0  0  0  0  0  0  0  0  0  0  0
   -0.0631   -0.8373    5.4677 C   0  0  0  0  0  0  0  0  0  0  0  0
    4.9786   -3.4349   -1.4614 C   0  0  0  0  0  0  0  0  0  0  0  0
   -1.0894   -0.7442   -3.6095 C   0  0  0  0  0  0  0  0  0  0  0  0
   -2.2353    3.2643   -6.1327 H   0  0  0  0  0  0  0  0  0  0  0  0
   -3.4098    4.8677   -3.1150 H   0  0  0  0  0  0  0  0  0  0  0  0
   -2.2653    5.1861   -4.5347 H   0  0  0  0  0  0  0  0  0  0  0  0
   -0.4993    3.9383   -3.1138 H   0  0  0  0  0  0  0  0  0  0  0  0
   -1.6380    3.5234   -1.9116 H   0  0  0  0  0  0  0  0  0  0  0  0
   -0.8022    6.8505   -0.4206 H   0  0  0  0  0  0  0  0  0  0  0  0
   -2.0230    4.1195    1.2944 H   0  0  0  0  0  0  0  0  0  0  0  0
   -0.6989    3.0845    4.2802 H   0  0  0  0  0  0  0  0  0  0  0  0
   -3.8351    4.5734    5.3972 H   0  0  0  0  0  0  0  0  0  0  0  0
   -2.3671    3.8823    6.0833 H   0  0  0  0  0  0  0  0  0  0  0  0
   -4.2116    2.1990    5.8322 H   0  0  0  0  0  0  0  0  0  0  0  0
   -4.2955    2.5099    3.9946 H   0  0  0  0  0  0  0  0  0  0  0  0
   -1.4908    1.7553    6.4143 H   0  0  0  0  0  0  0  0  0  0  0  0
    1.0383    0.8324    3.6906 H   0  0  0  0  0  0  0  0  0  0  0  0
   -1.7362    0.7923    1.9579 H   0  0  0  0  0  0  0  0  0  0  0  0
   -3.9307   -0.2300    0.6359 H   0  0  0  0  0  0  0  0  0  0  0  0
   -4.1804    1.3605    1.5695 H   0  0  0  0  0  0  0  0  0  0  0  0
   -4.0649    2.5485   -0.2901 H   0  0  0  0  0  0  0  0  0  0  0  0
   -2.3155    2.2099   -0.2992 H   0  0  0  0  0  0  0  0  0  0  0  0
   -2.1321   -0.4624   -1.0436 H   0  0  0  0  0  0  0  0  0  0  0  0
   -4.0357    0.7275   -4.2197 H   0  0  0  0  0  0  0  0  0  0  0  0
   -0.2339    1.6889   -5.7547 H   0  0  0  0  0  0  0  0  0  0  0  0
    0.1960    1.2713   -2.3442 H   0  0  0  0  0  0  0  0  0  0  0  0
    3.0106    2.1291   -5.0667 H   0  0  0  0  0  0  0  0  0  0  0  0
    2.3711    0.4255   -5.2199 H   0  0  0  0  0  0  0  0  0  0  0  0
    4.2820    1.4464   -2.9955 H   0  0  0  0  0  0  0  0  0  0  0  0
    4.9970    0.7596   -4.4867 H   0  0  0  0  0  0  0  0  0  0  0  0
    5.7853   -1.4037   -3.4170 H   0  0  0  0  0  0  0  0  0  0  0  0
    2.1888   -2.3975   -3.1672 H   0  0  0  0  0  0  0  0  0  0  0  0
    0.0443   -3.5284   -1.7630 H   0  0  0  0  0  0  0  0  0  0  0  0
    1.4371   -0.9494   -1.7511 H   0  0  0  0  0  0  0  0  0  0  0  0
    0.0730   -0.4241   -0.6896 H   0  0  0  0  0  0  0  0  0  0  0  0
    2.0079   -0.4871    1.2318 H   0  0  0  0  0  0  0  0  0  0  0  0
    3.1670   -0.4441   -0.1741 H   0  0  0  0  0  0  0  0  0  0  0  0
    2.8628    1.7882    1.7335 H   0  0  0  0  0  0  0  0  0  0  0  0
    1.2869    3.9847   -1.0110 H   0  0  0  0  0  0  0  0  0  0  0  0
    1.4491    3.3520    3.2379 H   0  0  0  0  0  0  0  0  0  0  0  0
    2.5074   -5.3116   -0.0524 H   0  0  0  0  0  0  0  0  0  0  0  0
    6.0108   -4.9284    0.6977 H   0  0  0  0  0  0  0  0  0  0  0  0
    3.1972   -2.7104    1.4770 H   0  0  0  0  0  0  0  0  0  0  0  0
    2.3248   -4.1236    2.1218 H   0  0  0  0  0  0  0  0  0  0  0  0
    3.2028   -1.8075    3.6178 H   0  0  0  0  0  0  0  0  0  0  0  0
    4.2875   -3.1377    4.1843 H   0  0  0  0  0  0  0  0  0  0  0  0
    0.6428   -3.4493    5.9151 H   0  0  0  0  0  0  0  0  0  0  0  0
   -0.0560   -2.4974    2.6051 H   0  0  0  0  0  0  0  0  0  0  0  0
   -0.3470   -1.1808    6.4129 H   0  0  0  0  0  0  0  0  0  0  0  0
    6.0180   -3.2073   -1.3306 H   0  0  0  0  0  0  0  0  0  0  0  0
   -0.6030   -1.4030   -2.9082 H   0  0  0  0  0  0  0  0  0  0  0  0
  1  2  2  0
  2  3  1  0
  3  4  1  0
  4  5  1  0
  5  6  2  0
  6  7  1  0
  7  8  2  0
  8  9  1  0
  9 10  1  0
 10 11  2  0
 11 12  1  0
 12 13  1  0
 13 14  1  0
 14 15  2  0
 15 16  1  0
 16 17  2  0
 17 18  1  0
 18 19  1  0
 19 20  2  0
 20 21  1  0
 21 22  1  0
 22 23  1  0
 23 24  2  0
 24 25  1  0
 25 26  2  0
 26 27  1  0
 27 28  2  0
 28 29  1  0
 29 30  1  0
 30 31  2  0
 31 32  1  0
 32 33  1  0
 33 34  1  0
 34 35  2  0
 35 36  1  0
 36 37  1  0
 37 38  2  0
 38 39  1  0
 39 40  2  0
 40 41  1  0
 41 42  1  0
 42 43  1  0
 43 44  2  0
 44 45  1  0
 45 46  2  0
 45 47  1  0
 38 48  1  0
 48 49  2  0
 49 50  1  0
 50 51  2  0
 51 52  1  0
 52 53  1  0
 53 54  1  0
 54 55  2  0
 55 56  1  0
 56 57  1  0
 56 58  2  0
 49 59  1  0
 29 60  2  0
 27  1  1  0
 59 36  2  0
 46  7  1  0
 47  9  2  0
 58 16  1  0
 57 18  2  0
 60 25  1  0
  1 61  1  0
  3 62  1  0
  3 63  1  0
  4 64  1  0
  4 65  1  0
  6 66  1  0
  8 67  1  0
 10 68  1  0
 12 69  1  0
 12 70  1  0
 13 71  1  0
 13 72  1  0
 15 73  1  0
 17 74  1  0
 19 75  1  0
 21 76  1  0
 21 77  1  0
 22 78  1  0
 22 79  1  0
 24 80  1  0
 26 81  1  0
 28 82  1  0
 30 83  1  0
 32 84  1  0
 32 85  1  0
 33 86  1  0
 33 87  1  0
 35 88  1  0
 37 89  1  0
 39 90  1  0
 41 91  1  0
 41 92  1  0
 42 93  1  0
 42 94  1  0
 44 95  1  0
 46 96  1  0
 47 97  1  0
 48 98  1  0
 50 99  1  0
 52100  1  0
 52101  1  0
 53102  1  0
 53103  1  0
 55104  1  0
 57105  1  0
 58106  1  0
 59107  1  0
 60108  1  0
M  END
