MAX WINDOW LENGTHS: [15.732400774861068, 15.926541090045815, 14.080342586414679, 14.065073410193031, 15.457093943060004, 15.671380428371554, 15.562578165242924, 14.266947608752508, 14.434025476615064, 14.23492758192973, 15.64403940650539, 14.248214648015376, 14.441425342509531, 15.648678393030549, 15.545617868575702, 14.41927040170612, 14.250217916119295, 15.759872204915608, 14.258732913919134, 15.568194622279913, 14.272332042833954, 15.659098228674308, 14.429771866677607, 15.969856912387799, 16.028306306029279, 16.014034407118093, 15.954419628060075, 16.058922388044071, 16.040124444704613, 15.941761026922931, 16.155805488827461, 16.027241056113262]
LONG COORDS: [(29.8304, 2.757, 10.9323), (22.7643, 18.8503, 10.8045), (29.8304, 2.757, 10.9323), (29.8304, 2.757, 10.9323), (29.8304, 2.757, 10.9323), (29.8304, 2.757, 10.9323), (29.8304, 2.757, 10.9323), (29.8304, 2.757, 10.9323), (29.8304, 2.757, 10.9323), (29.8304, 2.757, 10.9323), (29.8304, 2.757, 10.9323), (29.8304, 2.757, 10.9323), (29.8304, 2.757, 10.9323), (29.8304, 2.757, 10.9323), (29.8304, 2.757, 10.9323), (29.8304, 2.757, 10.9323), (29.8304, 2.757, 10.9323), (29.8304, 2.757, 10.9323), (29.8304, 2.757, 10.9323), (29.8304, 2.757, 10.9323), (29.8304, 2.757, 10.9323), (29.8304, 2.757, 10.9323), (29.8304, 2.757, 10.9323), (22.7643, 18.8503, 10.8045), (22.7643, 18.8503, 10.8045), (14.3485, 1.7097, 10.3081), (22.7643, 18.8503, 10.8045), (14.3485, 1.7097, 10.3081), (14.3485, 1.7097, 10.3081), (14.3485, 1.7097, 10.3081), (14.3485, 1.7097, 10.3081), (14.3485, 1.7097, 10.3081)]
LONG ATOM NUMBERS: ['101', '118', '101', '101', '101', '101', '101', '101', '101', '101', '101', '101', '101', '101', '101', '101', '101', '101', '101', '101', '101', '101', '101', '118', '118', '135', '118', '135', '135', '135', '135', '135']
LONG ATOM TYPES: [6, 6, 6, 6, 6, 6, 6, 6, 6, 6, 6, 6, 6, 6, 6, 6, 6, 6, 6, 6, 6, 6, 6, 6, 6, 6, 6, 6, 6, 6, 6, 6]

MIN WINDOW LENGTHS: [0.80991273033795741, 1.2063947710850713, 1.8157739198628522, 1.8313845148352947, 0.61579345009509856, 0.60624427795151936, 0.40871993199094403, 1.8623052497622941, 1.7709660473750106, 1.7424577752095609, 0.59873562857790708, 1.7809539477640137, 1.7152262574711403, 0.61737245534134511, 0.82293707684124895, 1.7268138658576011, 1.8127160695023776, 0.81821061068224354, 1.7609805957890701, 0.81123226724359432, 1.8004610193401276, 1.021702313212653, 1.6814607972540272, 0.98538398557198859, 1.0185097231230302, 1.3699168626693754, 1.1944701434428509, 1.1560333429227918, 1.3828143050696657, 1.1903848386457123, 1.1981011132246597, 1.1708189993241978]
SHORT COORDS: [(22.9341, 9.5841, 10.5719), (20.5634, 9.368, 10.2949), (23.6134, 5.9709, 13.7211), (21.9008, 7.4247, 10.6429), (22.9341, 9.5841, 10.5719), (22.9341, 9.5841, 10.5719), (22.9341, 9.5841, 10.5719), (21.9008, 7.4247, 10.6429), (21.9008, 7.4247, 10.6429), (21.9008, 7.4247, 10.6429), (22.9341, 9.5841, 10.5719), (21.9008, 7.4247, 10.6429), (21.9008, 7.4247, 10.6429), (22.9341, 9.5841, 10.5719), (22.9341, 9.5841, 10.5719), (21.9008, 7.4247, 10.6429), (21.9008, 7.4247, 10.6429), (22.9341, 9.5841, 10.5719), (21.9008, 7.4247, 10.6429), (22.9341, 9.5841, 10.5719), (21.9008, 7.4247, 10.6429), (22.9341, 9.5841, 10.5719), (21.9008, 7.4247, 10.6429), (20.5634, 9.368, 10.2949), (20.5634, 9.368, 10.2949), (20.5634, 9.368, 10.2949), (20.5634, 9.368, 10.2949), (20.5634, 9.368, 10.2949), (20.5634, 9.368, 10.2949), (20.5634, 9.368, 10.2949), (19.9201, 9.517, 14.0486), (20.5634, 9.368, 10.2949)]
SHORT ATOM NUMBERS: ['53', '85', '6', '38', '53', '53', '53', '38', '38', '38', '53', '38', '38', '53', '53', '38', '38', '53', '38', '53', '38', '53', '38', '85', '85', '85', '85', '85', '85', '85', '79', '85']
SHORT ATOM TYPES: [6, 6, 6, 6, 6, 6, 6, 6, 6, 6, 6, 6, 6, 6, 6, 6, 6, 6, 6, 6, 6, 6, 6, 6, 6, 6, 6, 6, 6, 6, 6, 6]

