MAX WINDOW LENGTHS: [15.896812349241353, 16.469059210836434, 15.673999436074547, 16.0810677250469, 15.888407265043762, 15.89674652727407, 15.729350402465377, 15.888486366999464, 15.729281652784303, 15.68796953956806, 15.728459802760446, 15.942639139488987, 15.728377309125433, 16.193668148725539, 16.041054465727804, 16.089801439546015, 16.089863681398821, 16.064044072300334, 15.848976858460849, 15.84258744449105, 16.099352973440347, 16.263347908358863, 15.439269484468634, 16.21705368697009, 16.263296531176724, 16.179963217268412, 16.133871380370028]
LONG COORDS: [(6.0576, 2.826, 1.431), (-7.3864, 6.2567, -11.527), (6.0576, 2.826, 1.431), (-5.2504, 5.0891, -12.4264), (-5.2504, 5.0891, -12.4264), (-6.0576, 2.826, -11.5942), (6.0576, 2.826, 1.431), (5.2504, 5.0891, 2.2632), (-6.0576, 2.826, -11.5942), (5.2504, 5.0891, 2.2632), (5.2504, 5.0891, 2.2632), (7.3864, 6.2567, 1.3637), (-5.2504, 5.0891, -12.4264), (7.3864, 6.2567, 1.3637), (5.2504, 5.0891, 2.2632), (7.3864, 6.2567, 1.3637), (-7.3864, 6.2567, -11.527), (7.3864, 6.2567, 1.3637), (5.2504, 5.0891, 2.2632), (6.0576, 2.826, 1.431), (-6.0576, 2.826, -11.5942), (-7.3864, 6.2567, -11.527), (-5.2504, 5.0891, -12.4264), (7.3864, 6.2567, 1.3637), (7.3864, 6.2567, 1.3637), (7.3864, 6.2567, 1.3637), (7.3864, 6.2567, 1.3637)]
LONG ATOM NUMBERS: ['14', '108', '14', '91', '91', '102', '14', '3', '102', '3', '3', '20', '91', '20', '3', '20', '108', '20', '3', '14', '102', '108', '91', '20', '20', '20', '20']
LONG ATOM TYPES: [6, 6, 6, 6, 6, 6, 6, 6, 6, 6, 6, 6, 6, 6, 6, 6, 6, 6, 6, 6, 6, 6, 6, 6, 6, 6, 6]

MIN WINDOW LENGTHS: [11.096568954609456, 11.4221362365854, 11.18449974907781, 10.92083822425403, 10.969834147768267, 11.096605022962347, 11.182461180155332, 10.969799767187254, 11.182495028786871, 11.056057888860536, 11.053698048767753, 11.002951292630375, 11.053730204625063, 11.130673942380421, 10.922729383754504, 11.047396366484918, 11.047360272786252, 11.129930859397952, 10.973036032800104, 11.099474727238958, 11.04579079203228, 11.249812366328761, 11.421714591618194, 11.122065560323586, 11.249928389317027, 11.709175059172305, 11.541890194918883]
SHORT COORDS: [(-5.8877, 8.7693, -0.4452), (-2.3161, 7.5948, -12.0536), (-5.8877, 8.7693, -0.4452), (5.8877, 8.7693, -9.7181), (5.8877, 8.7693, -9.7181), (5.8877, 8.7693, -9.7181), (-5.8877, 8.7693, -0.4452), (-5.8877, 8.7693, -0.4452), (5.8877, 8.7693, -9.7181), (-5.8877, 8.7693, -0.4452), (-5.8877, 8.7693, -0.4452), (5.8877, 8.7693, -9.7181), (5.8877, 8.7693, -9.7181), (5.8877, 8.7693, -9.7181), (-5.8877, 8.7693, -0.4452), (5.8877, 8.7693, -9.7181), (-5.8877, 8.7693, -0.4452), (5.8877, 8.7693, -9.7181), (-5.8877, 8.7693, -0.4452), (-5.8877, 8.7693, -0.4452), (5.8877, 8.7693, -9.7181), (-2.3161, 7.5948, -12.0536), (-2.3161, 7.5948, -12.0536), (2.3161, 7.5948, 1.8904), (2.3161, 7.5948, 1.8904), (-3.1444, 8.4007, 1.7664), (-3.1444, 8.4007, 1.7664)]
SHORT ATOM NUMBERS: ['16', '157', '16', '104', '104', '104', '16', '16', '104', '16', '16', '104', '104', '104', '16', '104', '16', '104', '16', '16', '104', '157', '157', '69', '69', '23', '23']
SHORT ATOM TYPES: [6, 6, 6, 6, 6, 6, 6, 6, 6, 6, 6, 6, 6, 6, 6, 6, 6, 6, 6, 6, 6, 6, 6, 6, 6, 6, 6]

