MAX WINDOW LENGTHS: [15.400800895879597, 14.58649420568163, 14.619004957298971, 14.629696202471203, 15.432755416230782, 15.401665159988051, 14.5260556980472, 15.4163195302401, 14.625188505794492, 14.532811401833799, 14.633283002851707, 15.444660996424249, 14.578506905633452, 15.43283766735493, 14.593069975915517, 15.414645725713884, 15.444740698607264, 15.424597067866346, 15.433647132197125, 14.587648316806535, 14.586531518214239, 15.40004461943113, 14.536996821013586, 14.541142007424616, 15.414726457037874, 14.541103734606386, 14.593032746427268, 14.578469061342885, 14.618967128678916, 14.526016779984014, 14.568996751333442, 14.53695847858228, 14.629658909923988, 14.63324578705244, 14.58260398601889, 14.583794635075288]
LONG COORDS: [(29.0259, 14.5958, -1.7348), (34.8269, 1.6185, 4.923), (37.162, 1.6185, 4.2173), (37.162, 1.6185, 4.2173), (42.9629, 14.5958, 10.8751), (29.0259, 14.5958, -1.7348), (37.162, 1.6185, 4.2173), (42.9629, 14.5958, 10.8751), (37.162, 1.6185, 4.2173), (37.162, 1.6185, 4.2173), (37.162, 1.6185, 4.2173), (42.9629, 14.5958, 10.8751), (37.162, 1.6185, 4.2173), (29.0259, 14.5958, -1.7348), (37.162, 1.6185, 4.2173), (42.9629, 14.5958, 10.8751), (29.0259, 14.5958, -1.7348), (29.0259, 14.5958, -1.7348), (29.0259, 14.5958, -1.7348), (37.162, 1.6185, 4.2173), (37.162, 1.6185, 4.2173), (29.0259, 14.5958, -1.7348), (37.162, 1.6185, 4.2173), (37.162, 1.6185, 4.2173), (29.0259, 14.5958, -1.7348), (34.8269, 1.6185, 4.923), (34.8269, 1.6185, 4.923), (34.8269, 1.6185, 4.923), (34.8269, 1.6185, 4.923), (34.8269, 1.6185, 4.923), (34.8269, 1.6185, 4.923), (34.8269, 1.6185, 4.923), (34.8269, 1.6185, 4.923), (34.8269, 1.6185, 4.923), (34.8269, 1.6185, 4.923), (34.8269, 1.6185, 4.923)]
LONG ATOM NUMBERS: ['116', '166', '23', '23', '255', '116', '23', '255', '23', '23', '23', '255', '23', '116', '23', '255', '116', '116', '116', '23', '23', '116', '23', '23', '116', '166', '166', '166', '166', '166', '166', '166', '166', '166', '166', '166']
LONG ATOM TYPES: [6, 6, 6, 6, 6, 6, 6, 6, 6, 6, 6, 6, 6, 6, 6, 6, 6, 6, 6, 6, 6, 6, 6, 6, 6, 6, 6, 6, 6, 6, 6, 6, 6, 6, 6, 6]

MIN WINDOW LENGTHS: [1.2509099937212205, 2.0413403686732301, 2.0918095064391937, 1.8705243956496864, 2.645346902973881, 2.8136134350791102, 2.0402612579292509, 1.3898397751479474, 2.2549443560553413, 2.2066244243377802, 2.0316959699047623, 1.2808288034575717, 2.2644129078218342, 2.6454550678322222, 2.2069620506357883, 1.4089161434728505, 1.2809391598911657, 1.525570728733046, 1.1301462601369887, 2.4318005796072462, 2.0412525523068861, 2.8366270885462366, 1.8174586601112774, 1.9820200148550193, 1.4090270895185637, 1.9821029384318316, 2.2070486569097265, 2.2645002133950665, 2.0918981416586155, 2.0403448485530666, 1.8684603690635915, 1.8175427411895027, 1.8706135829700536, 2.0317839407736353, 1.6476603340349354, 1.8074229938218669]
SHORT COORDS: [(38.2055, 13.6487, 4.6725), (35.8995, 10.4987, 7.7912), (36.0893, 10.4987, 1.3491), (36.0893, 10.4987, 1.3491), (38.6691, 13.2586, 3.4221), (38.6691, 13.2586, 3.4221), (36.0893, 10.4987, 1.3491), (38.2055, 13.6487, 4.6725), (36.0893, 10.4987, 1.3491), (36.0893, 10.4987, 1.3491), (36.0893, 10.4987, 1.3491), (38.2055, 13.6487, 4.6725), (36.0893, 10.4987, 1.3491), (33.3197, 13.2586, 5.7182), (36.0893, 10.4987, 1.3491), (38.2055, 13.6487, 4.6725), (33.7833, 13.6487, 4.4678), (38.2055, 13.6487, 4.6725), (33.7833, 13.6487, 4.4678), (36.0893, 10.4987, 1.3491), (36.0893, 10.4987, 1.3491), (38.6691, 13.2586, 3.4221), (36.0893, 10.4987, 1.3491), (36.0893, 10.4987, 1.3491), (33.7833, 13.6487, 4.4678), (35.8995, 10.4987, 7.7912), (35.8995, 10.4987, 7.7912), (35.8995, 10.4987, 7.7912), (35.8995, 10.4987, 7.7912), (35.8995, 10.4987, 7.7912), (35.8995, 10.4987, 7.7912), (35.8995, 10.4987, 7.7912), (35.8995, 10.4987, 7.7912), (35.8995, 10.4987, 7.7912), (35.8995, 10.4987, 7.7912), (35.8995, 10.4987, 7.7912)]
SHORT ATOM NUMBERS: ['62', '149', '6', '6', '54', '54', '6', '62', '6', '6', '6', '62', '6', '193', '6', '62', '201', '62', '201', '6', '6', '54', '6', '6', '201', '149', '149', '149', '149', '149', '149', '149', '149', '149', '149', '149']
SHORT ATOM TYPES: [6, 6, 6, 6, 6, 6, 6, 6, 6, 6, 6, 6, 6, 6, 6, 6, 6, 6, 6, 6, 6, 6, 6, 6, 6, 6, 6, 6, 6, 6, 6, 6, 6, 6, 6, 6]

